T	P-XYLENE	T	O2	T	CO	T	CO2	T	CH4	T	C2H4	T	C2H2	T	C2H6	T	C3H6	T	C3H4-A	T	C3H4-P	T	CH3CHO	T	C4H8-1	T	C4H6	T	FURAN	T	C2H3CHO	T	CH3COCH3	T	C5H6	T	LC5H8	T	IC3H5CHO	T	CYC6H8	T	C6H6	T	C7H8	T	C6H5C2H5	T	CUMENE	T	C6H5CHO	T	P-CH3C6H4C2H5	T	C6H5OH	T	P-CH3C6H4C2H3	T	BZFUR	T	C9H8	T	P-HOC6H4CHO	T	P-CH3C6H4CHO
6.00E+02	4.64E-03	6.00E+02	1.05E-01	6.00E+02	0.00E+00	6.00E+02	1.23E-05	6.00E+02	0.00E+00	6.00E+02	0.00E+00	6.00E+02	0.00E+00	6.00E+02	0.00E+00	6.00E+02	0.00E+00	6.00E+02	0.00E+00	6.00E+02	0.00E+00	6.00E+02	0.00E+00	6.00E+02	0.00E+00	6.00E+02	0.00E+00	6.00E+02	0.00E+00	6.00E+02	0.00E+00	6.00E+02	0.00E+00	6.00E+02	0.00E+00	6.00E+02	0.00E+00	6.00E+02	0.00E+00	6.00E+02	0.00E+00	6.00E+02	0.00E+00	6.00E+02	3.66E-06	6.00E+02	1.44E-06	6.00E+02	0.00E+00	6.00E+02	0.00E+00	6.00E+02	0.00E+00	6.00E+02	0.00E+00	6.00E+02	0.00E+00	6.00E+02	0.00E+00	6.00E+02	0.00E+00	6.00E+02	0.00E+00	6.00E+02	4.20E-06
6.25E+02	5.25E-03	6.25E+02	1.05E-01	6.25E+02	1.51E-05	6.25E+02	1.63E-05	6.25E+02	0.00E+00	6.25E+02	0.00E+00	6.25E+02	0.00E+00	6.25E+02	0.00E+00	6.25E+02	0.00E+00	6.25E+02	0.00E+00	6.25E+02	0.00E+00	6.25E+02	0.00E+00	6.25E+02	0.00E+00	6.25E+02	0.00E+00	6.25E+02	0.00E+00	6.25E+02	0.00E+00	6.25E+02	0.00E+00	6.25E+02	0.00E+00	6.25E+02	0.00E+00	6.25E+02	0.00E+00	6.25E+02	0.00E+00	6.25E+02	0.00E+00	6.25E+02	3.92E-06	6.25E+02	2.10E-06	6.25E+02	0.00E+00	6.25E+02	0.00E+00	6.25E+02	0.00E+00	6.25E+02	0.00E+00	6.25E+02	0.00E+00	6.25E+02	0.00E+00	6.25E+02	0.00E+00	6.25E+02	0.00E+00	6.25E+02	5.31E-06
6.50E+02	4.95E-03	6.50E+02	1.06E-01	6.50E+02	1.01E-05	6.50E+02	5.15E-05	6.50E+02	0.00E+00	6.50E+02	0.00E+00	6.50E+02	0.00E+00	6.50E+02	0.00E+00	6.50E+02	0.00E+00	6.50E+02	0.00E+00	6.50E+02	0.00E+00	6.50E+02	0.00E+00	6.50E+02	0.00E+00	6.50E+02	0.00E+00	6.50E+02	0.00E+00	6.50E+02	0.00E+00	6.50E+02	0.00E+00	6.50E+02	0.00E+00	6.50E+02	0.00E+00	6.50E+02	0.00E+00	6.50E+02	0.00E+00	6.50E+02	0.00E+00	6.50E+02	3.92E-06	6.50E+02	1.66E-06	6.50E+02	0.00E+00	6.50E+02	0.00E+00	6.50E+02	0.00E+00	6.50E+02	0.00E+00	6.50E+02	0.00E+00	6.50E+02	0.00E+00	6.50E+02	0.00E+00	6.50E+02	0.00E+00	6.50E+02	3.32E-06
6.75E+02	4.91E-03	6.75E+02	1.06E-01	6.75E+02	2.12E-05	6.75E+02	8.38E-05	6.75E+02	0.00E+00	6.75E+02	0.00E+00	6.75E+02	0.00E+00	6.75E+02	0.00E+00	6.75E+02	0.00E+00	6.75E+02	0.00E+00	6.75E+02	0.00E+00	6.75E+02	0.00E+00	6.75E+02	0.00E+00	6.75E+02	0.00E+00	6.75E+02	0.00E+00	6.75E+02	0.00E+00	6.75E+02	0.00E+00	6.75E+02	0.00E+00	6.75E+02	0.00E+00	6.75E+02	0.00E+00	6.75E+02	0.00E+00	6.75E+02	0.00E+00	6.75E+02	3.79E-06	6.75E+02	1.88E-06	6.75E+02	0.00E+00	6.75E+02	0.00E+00	6.75E+02	0.00E+00	6.75E+02	0.00E+00	6.75E+02	0.00E+00	6.75E+02	0.00E+00	6.75E+02	0.00E+00	6.75E+02	0.00E+00	6.75E+02	2.21E-06
7.00E+02	4.99E-03	7.00E+02	1.06E-01	7.00E+02	2.52E-05	7.00E+02	1.83E-04	7.00E+02	0.00E+00	7.00E+02	0.00E+00	7.00E+02	0.00E+00	7.00E+02	0.00E+00	7.00E+02	0.00E+00	7.00E+02	0.00E+00	7.00E+02	0.00E+00	7.00E+02	0.00E+00	7.00E+02	0.00E+00	7.00E+02	0.00E+00	7.00E+02	0.00E+00	7.00E+02	0.00E+00	7.00E+02	0.00E+00	7.00E+02	0.00E+00	7.00E+02	0.00E+00	7.00E+02	0.00E+00	7.00E+02	0.00E+00	7.00E+02	0.00E+00	7.00E+02	3.66E-06	7.00E+02	1.77E-06	7.00E+02	0.00E+00	7.00E+02	0.00E+00	7.00E+02	0.00E+00	7.00E+02	0.00E+00	7.00E+02	0.00E+00	7.00E+02	0.00E+00	7.00E+02	0.00E+00	7.00E+02	0.00E+00	7.00E+02	7.74E-07
7.25E+02	4.89E-03	7.25E+02	1.03E-01	7.25E+02	4.04E-05	7.25E+02	4.95E-04	7.25E+02	0.00E+00	7.25E+02	0.00E+00	7.25E+02	0.00E+00	7.25E+02	0.00E+00	7.25E+02	0.00E+00	7.25E+02	0.00E+00	7.25E+02	0.00E+00	7.25E+02	0.00E+00	7.25E+02	0.00E+00	7.25E+02	0.00E+00	7.25E+02	0.00E+00	7.25E+02	0.00E+00	7.25E+02	0.00E+00	7.25E+02	0.00E+00	7.25E+02	0.00E+00	7.25E+02	0.00E+00	7.25E+02	0.00E+00	7.25E+02	0.00E+00	7.25E+02	3.95E-06	7.25E+02	1.88E-06	7.25E+02	0.00E+00	7.25E+02	0.00E+00	7.25E+02	0.00E+00	7.25E+02	0.00E+00	7.25E+02	0.00E+00	7.25E+02	0.00E+00	7.25E+02	0.00E+00	7.25E+02	0.00E+00	7.25E+02	1.22E-06
7.50E+02	5.02E-03	7.50E+02	1.05E-01	7.50E+02	5.66E-05	7.50E+02	5.75E-04	7.50E+02	0.00E+00	7.50E+02	0.00E+00	7.50E+02	0.00E+00	7.50E+02	0.00E+00	7.50E+02	0.00E+00	7.50E+02	0.00E+00	7.50E+02	0.00E+00	7.50E+02	0.00E+00	7.50E+02	0.00E+00	7.50E+02	0.00E+00	7.50E+02	0.00E+00	7.50E+02	0.00E+00	7.50E+02	0.00E+00	7.50E+02	0.00E+00	7.50E+02	0.00E+00	7.50E+02	0.00E+00	7.50E+02	0.00E+00	7.50E+02	0.00E+00	7.50E+02	3.97E-06	7.50E+02	1.66E-06	7.50E+02	0.00E+00	7.50E+02	0.00E+00	7.50E+02	0.00E+00	7.50E+02	0.00E+00	7.50E+02	0.00E+00	7.50E+02	0.00E+00	7.50E+02	0.00E+00	7.50E+02	0.00E+00	7.50E+02	1.33E-06
7.75E+02	5.17E-03	7.75E+02	1.04E-01	7.75E+02	1.11E-04	7.75E+02	7.70E-04	7.75E+02	0.00E+00	7.75E+02	0.00E+00	7.75E+02	0.00E+00	7.75E+02	0.00E+00	7.75E+02	0.00E+00	7.75E+02	0.00E+00	7.75E+02	0.00E+00	7.75E+02	0.00E+00	7.75E+02	0.00E+00	7.75E+02	0.00E+00	7.75E+02	0.00E+00	7.75E+02	0.00E+00	7.75E+02	0.00E+00	7.75E+02	0.00E+00	7.75E+02	0.00E+00	7.75E+02	0.00E+00	7.75E+02	0.00E+00	7.75E+02	0.00E+00	7.75E+02	3.87E-06	7.75E+02	1.77E-06	7.75E+02	0.00E+00	7.75E+02	0.00E+00	7.75E+02	0.00E+00	7.75E+02	0.00E+00	7.75E+02	0.00E+00	7.75E+02	0.00E+00	7.75E+02	0.00E+00	7.75E+02	0.00E+00	7.75E+02	1.91E-06
8.00E+02	5.17E-03	8.00E+02	1.09E-01	8.00E+02	1.21E-04	8.00E+02	1.17E-03	8.00E+02	0.00E+00	8.00E+02	0.00E+00	8.00E+02	0.00E+00	8.00E+02	0.00E+00	8.00E+02	0.00E+00	8.00E+02	0.00E+00	8.00E+02	0.00E+00	8.00E+02	0.00E+00	8.00E+02	0.00E+00	8.00E+02	0.00E+00	8.00E+02	0.00E+00	8.00E+02	0.00E+00	8.00E+02	0.00E+00	8.00E+02	0.00E+00	8.00E+02	0.00E+00	8.00E+02	0.00E+00	8.00E+02	0.00E+00	8.00E+02	0.00E+00	8.00E+02	4.23E-06	8.00E+02	1.70E-06	8.00E+02	0.00E+00	8.00E+02	0.00E+00	8.00E+02	0.00E+00	8.00E+02	0.00E+00	8.00E+02	0.00E+00	8.00E+02	0.00E+00	8.00E+02	0.00E+00	8.00E+02	0.00E+00	8.00E+02	1.93E-06
8.25E+02	4.86E-03	8.25E+02	1.03E-01	8.25E+02	1.56E-04	8.25E+02	1.50E-03	8.25E+02	0.00E+00	8.25E+02	0.00E+00	8.25E+02	0.00E+00	8.25E+02	0.00E+00	8.25E+02	0.00E+00	8.25E+02	0.00E+00	8.25E+02	0.00E+00	8.25E+02	0.00E+00	8.25E+02	0.00E+00	8.25E+02	0.00E+00	8.25E+02	0.00E+00	8.25E+02	0.00E+00	8.25E+02	0.00E+00	8.25E+02	0.00E+00	8.25E+02	0.00E+00	8.25E+02	0.00E+00	8.25E+02	0.00E+00	8.25E+02	0.00E+00	8.25E+02	4.61E-06	8.25E+02	1.77E-06	8.25E+02	0.00E+00	8.25E+02	0.00E+00	8.25E+02	0.00E+00	8.25E+02	0.00E+00	8.25E+02	0.00E+00	8.25E+02	0.00E+00	8.25E+02	0.00E+00	8.25E+02	0.00E+00	8.25E+02	1.30E-06
8.50E+02	4.62E-03	8.50E+02	1.00E-01	8.50E+02	2.59E-04	8.50E+02	1.93E-03	8.50E+02	0.00E+00	8.50E+02	0.00E+00	8.50E+02	0.00E+00	8.50E+02	0.00E+00	8.50E+02	0.00E+00	8.50E+02	0.00E+00	8.50E+02	0.00E+00	8.50E+02	0.00E+00	8.50E+02	0.00E+00	8.50E+02	0.00E+00	8.50E+02	0.00E+00	8.50E+02	0.00E+00	8.50E+02	0.00E+00	8.50E+02	0.00E+00	8.50E+02	0.00E+00	8.50E+02	0.00E+00	8.50E+02	0.00E+00	8.50E+02	0.00E+00	8.50E+02	5.81E-06	8.50E+02	1.66E-06	8.50E+02	0.00E+00	8.50E+02	0.00E+00	8.50E+02	0.00E+00	8.50E+02	0.00E+00	8.50E+02	0.00E+00	8.50E+02	0.00E+00	8.50E+02	0.00E+00	8.50E+02	0.00E+00	8.50E+02	1.54E-05
8.75E+02	4.42E-03	8.75E+02	9.71E-02	8.75E+02	4.16E-04	8.75E+02	2.46E-03	8.75E+02	0.00E+00	8.75E+02	0.00E+00	8.75E+02	0.00E+00	8.75E+02	0.00E+00	8.75E+02	0.00E+00	8.75E+02	0.00E+00	8.75E+02	0.00E+00	8.75E+02	0.00E+00	8.75E+02	0.00E+00	8.75E+02	0.00E+00	8.75E+02	0.00E+00	8.75E+02	0.00E+00	8.75E+02	0.00E+00	8.75E+02	0.00E+00	8.75E+02	0.00E+00	8.75E+02	0.00E+00	8.75E+02	0.00E+00	8.75E+02	0.00E+00	8.75E+02	1.38E-05	8.75E+02	1.77E-06	8.75E+02	0.00E+00	8.75E+02	0.00E+00	8.75E+02	2.95E-06	8.75E+02	0.00E+00	8.75E+02	0.00E+00	8.75E+02	0.00E+00	8.75E+02	0.00E+00	8.75E+02	0.00E+00	8.75E+02	4.32E-05
9.00E+02	4.04E-03	9.00E+02	8.08E-02	9.00E+02	1.17E-03	9.00E+02	4.29E-03	9.00E+02	3.12E-04	9.00E+02	6.41E-06	9.00E+02	0.00E+00	9.00E+02	0.00E+00	9.00E+02	0.00E+00	9.00E+02	0.00E+00	9.00E+02	0.00E+00	9.00E+02	0.00E+00	9.00E+02	0.00E+00	9.00E+02	0.00E+00	9.00E+02	0.00E+00	9.00E+02	4.34E-06	9.00E+02	3.37E-06	9.00E+02	0.00E+00	9.00E+02	0.00E+00	9.00E+02	3.79E-06	9.00E+02	0.00E+00	9.00E+02	3.12E-06	9.00E+02	5.10E-05	9.00E+02	2.32E-06	9.00E+02	2.87E-06	9.00E+02	2.40E-06	9.00E+02	1.24E-05	9.00E+02	0.00E+00	9.00E+02	2.55E-06	9.00E+02	0.00E+00	9.00E+02	0.00E+00	9.00E+02	0.00E+00	9.00E+02	1.72E-05
9.25E+02	1.38E-03	9.25E+02	7.28E-02	9.25E+02	1.50E-02	9.25E+02	9.62E-03	9.25E+02	3.48E-04	9.25E+02	2.06E-04	9.25E+02	0.00E+00	9.25E+02	1.36E-05	9.25E+02	2.06E-05	9.25E+02	4.04E-06	9.25E+02	0.00E+00	9.25E+02	3.38E-05	9.25E+02	0.00E+00	9.25E+02	1.11E-05	9.25E+02	5.05E-06	9.25E+02	3.64E-05	9.25E+02	1.16E-05	9.25E+02	0.00E+00	9.25E+02	0.00E+00	9.25E+02	6.39E-06	9.25E+02	1.77E-06	9.25E+02	9.62E-05	9.25E+02	2.11E-04	9.25E+02	1.07E-05	9.25E+02	1.15E-05	9.25E+02	1.09E-05	9.25E+02	4.42E-05	9.25E+02	4.42E-06	9.25E+02	2.06E-05	9.25E+02	1.11E-06	9.25E+02	0.00E+00	9.25E+02	0.00E+00	9.25E+02	1.37E-05
9.50E+02	4.97E-04	9.50E+02	7.10E-02	9.50E+02	2.14E-02	9.50E+02	9.84E-03	9.50E+02	0.00E+00	9.50E+02	2.28E-04	9.50E+02	0.00E+00	9.50E+02	1.92E-05	9.50E+02	1.41E-05	9.50E+02	4.04E-06	9.50E+02	0.00E+00	9.50E+02	2.93E-05	9.50E+02	0.00E+00	9.50E+02	9.09E-06	9.50E+02	3.33E-06	9.50E+02	2.15E-05	9.50E+02	8.52E-06	9.50E+02	0.00E+00	9.50E+02	2.02E-06	9.50E+02	4.22E-06	9.50E+02	0.00E+00	9.50E+02	1.14E-04	9.50E+02	1.22E-04	9.50E+02	6.96E-06	9.50E+02	7.61E-06	9.50E+02	1.49E-05	9.50E+02	2.59E-05	9.50E+02	5.31E-06	9.50E+02	1.29E-05	9.50E+02	1.59E-06	9.50E+02	0.00E+00	9.50E+02	0.00E+00	9.50E+02	4.63E-05
9.75E+02	3.08E-04	9.75E+02	6.70E-02	9.75E+02	2.29E-02	9.75E+02	1.42E-02	9.75E+02	2.23E-04	9.75E+02	1.54E-04	9.75E+02	0.00E+00	9.75E+02	1.31E-05	9.75E+02	8.75E-06	9.75E+02	0.00E+00	9.75E+02	0.00E+00	9.75E+02	1.82E-05	9.75E+02	0.00E+00	9.75E+02	7.07E-06	9.75E+02	0.00E+00	9.75E+02	1.35E-05	9.75E+02	5.62E-06	9.75E+02	0.00E+00	9.75E+02	3.03E-06	9.75E+02	4.04E-06	9.75E+02	0.00E+00	9.75E+02	6.74E-05	9.75E+02	6.74E-05	9.75E+02	4.02E-06	9.75E+02	3.54E-06	9.75E+02	8.84E-06	9.75E+02	1.54E-05	9.75E+02	2.36E-06	9.75E+02	6.88E-06	9.75E+02	1.11E-06	9.75E+02	0.00E+00	9.75E+02	0.00E+00	9.75E+02	1.18E-05
1.00E+03	1.07E-04	1.00E+03	6.44E-02	1.00E+03	9.52E-03	1.00E+03	2.91E-02	1.00E+03	0.00E+00	1.00E+03	2.83E-05	1.00E+03	0.00E+00	1.00E+03	6.06E-06	1.00E+03	3.70E-06	1.00E+03	0.00E+00	1.00E+03	0.00E+00	1.00E+03	0.00E+00	1.00E+03	0.00E+00	1.00E+03	4.29E-06	1.00E+03	0.00E+00	1.00E+03	0.00E+00	1.00E+03	0.00E+00	1.00E+03	3.43E-06	1.00E+03	2.02E-06	1.00E+03	0.00E+00	1.00E+03	0.00E+00	1.00E+03	2.74E-05	1.00E+03	2.73E-05	1.00E+03	1.81E-06	1.00E+03	0.00E+00	1.00E+03	2.53E-06	1.00E+03	8.84E-06	1.00E+03	1.47E-06	1.00E+03	3.93E-06	1.00E+03	0.00E+00	1.00E+03	0.00E+00	1.00E+03	0.00E+00	1.00E+03	5.09E-06
1.02E+03	6.41E-06	1.02E+03	5.36E-02	1.02E+03	4.66E-03	1.02E+03	3.76E-02	1.02E+03	0.00E+00	1.02E+03	1.01E-05	1.02E+03	0.00E+00	1.02E+03	0.00E+00	1.02E+03	0.00E+00	1.02E+03	0.00E+00	1.02E+03	0.00E+00	1.02E+03	0.00E+00	1.02E+03	0.00E+00	1.02E+03	0.00E+00	1.02E+03	0.00E+00	1.02E+03	0.00E+00	1.02E+03	0.00E+00	1.02E+03	6.06E-06	1.02E+03	0.00E+00	1.02E+03	0.00E+00	1.02E+03	0.00E+00	1.02E+03	6.63E-06	1.02E+03	1.73E-06	1.02E+03	1.44E-06	1.02E+03	0.00E+00	1.02E+03	1.01E-06	1.02E+03	9.83E-07	1.02E+03	0.00E+00	1.02E+03	1.57E-06	1.02E+03	0.00E+00	1.02E+03	0.00E+00	1.02E+03	0.00E+00	1.02E+03	7.96E-06
1.05E+03	0.00E+00	1.05E+03	4.99E-02	1.05E+03	2.38E-03	1.05E+03	4.00E-02	1.05E+03	0.00E+00	1.05E+03	0.00E+00	1.05E+03	0.00E+00	1.05E+03	0.00E+00	1.05E+03	0.00E+00	1.05E+03	0.00E+00	1.05E+03	0.00E+00	1.05E+03	0.00E+00	1.05E+03	0.00E+00	1.05E+03	0.00E+00	1.05E+03	0.00E+00	1.05E+03	0.00E+00	1.05E+03	0.00E+00	1.05E+03	4.24E-06	1.05E+03	0.00E+00	1.05E+03	0.00E+00	1.05E+03	0.00E+00	1.05E+03	0.00E+00	1.05E+03	0.00E+00	1.05E+03	0.00E+00	1.05E+03	0.00E+00	1.05E+03	0.00E+00	1.05E+03	0.00E+00	1.05E+03	0.00E+00	1.05E+03	0.00E+00	1.05E+03	0.00E+00	1.05E+03	1.08E-06	1.05E+03	0.00E+00	1.05E+03	0.00E+00
1.08E+03	0.00E+00	1.08E+03	4.73E-02	1.08E+03	1.22E-03	1.08E+03	4.07E-02	1.08E+03	0.00E+00	1.08E+03	0.00E+00	1.08E+03	0.00E+00	1.08E+03	0.00E+00	1.08E+03	0.00E+00	1.08E+03	0.00E+00	1.08E+03	0.00E+00	1.08E+03	0.00E+00	1.08E+03	0.00E+00	1.08E+03	0.00E+00	1.08E+03	0.00E+00	1.08E+03	0.00E+00	1.08E+03	0.00E+00	1.08E+03	0.00E+00	1.08E+03	0.00E+00	1.08E+03	0.00E+00	1.08E+03	0.00E+00	1.08E+03	0.00E+00	1.08E+03	0.00E+00	1.08E+03	0.00E+00	1.08E+03	0.00E+00	1.08E+03	0.00E+00	1.08E+03	0.00E+00	1.08E+03	0.00E+00	1.08E+03	0.00E+00	1.08E+03	0.00E+00	1.08E+03	0.00E+00	1.08E+03	0.00E+00	1.08E+03	0.00E+00
1.10E+03	0.00E+00	1.10E+03	3.90E-02	1.10E+03	2.63E-04	1.10E+03	4.21E-02	1.10E+03	0.00E+00	1.10E+03	0.00E+00	1.10E+03	0.00E+00	1.10E+03	0.00E+00	1.10E+03	0.00E+00	1.10E+03	0.00E+00	1.10E+03	0.00E+00	1.10E+03	0.00E+00	1.10E+03	0.00E+00	1.10E+03	0.00E+00	1.10E+03	0.00E+00	1.10E+03	0.00E+00	1.10E+03	0.00E+00	1.10E+03	0.00E+00	1.10E+03	0.00E+00	1.10E+03	0.00E+00	1.10E+03	0.00E+00	1.10E+03	0.00E+00	1.10E+03	0.00E+00	1.10E+03	0.00E+00	1.10E+03	0.00E+00	1.10E+03	0.00E+00	1.10E+03	0.00E+00	1.10E+03	0.00E+00	1.10E+03	0.00E+00	1.10E+03	0.00E+00	1.10E+03	0.00E+00	1.10E+03	0.00E+00	1.10E+03	0.00E+00
